sid	ch	det	crystal	a0	a1	a2
0	0	0	0	0.0573884	0.100425	-9.54621e-09
0	1	1	0	0.0	1.0	0.0
0	2	2	0	0.04417	0.100226	-1.47033e-08
0	3	3	0	0.0	1.0	0.0
0	4	4	0	0.0	0.0	0.0
0	5	5	0	0.0	1.0	0.0
0	6	6	0	-0.53745	0.100049	-1.84414e-08
0	7	7	0	0.0	1.0	0.0
0	8	8	0	-0.241523	0.100101	-1.80799e-08
0	9	9	0	0.0	1.0	0.0
0	10	10	0	-0.149188	0.100182	-2.1054e-08
0	11	11	0	0.0	1.0	0.0
0	12	12	0	0.628444	0.0999108	4.25704e-09
0	13	13	0	0.0	1.0	0.0
0	14	14	0	0.0808309	0.099815	-1.30534e-08
0	15	15	0	0.0	1.0	0.0
1	0	16	0	0.0126119	0.099397	3.40104e-09
1	1	17	0	0.0	1.0	0.0
1	2	18	0	-0.0512653	0.100122	-1.16917e-08
1	3	19	0	0.0	1.0	0.0
1	4	20	0	-0.307196	0.0999047	2.49096e-09
1	5	21	0	0.0	1.0	0.0
1	6	22	0	-0.203327	0.100283	-2.49003e-08
1	7	23	0	0.0	1.0	0.0
1	8	24	0	0.173868	0.099927	1.20683e-08
1	9	25	0	0.0	1.0	0.0
1	10	26	0	0.16848	0.10021	-1.87416e-08
1	11	27	0	0.0	1.0	0.0
1 12 -1.44327 0.105131 -3.19282e-08 0.106062 -1.04928e-07
1	13	29	0	0.0	1.0	0.0
1 14 0.185723 0.0998196 2.83022e-08 0.063412 1.19781e-06
1	15	31	0	0.0	1.0	0.0
2	0	32	0	0.159108	0.100097	-1.42373e-08
2	1	33	0	0.0	1.0	0.0
