1  0.165632     0.100431  0  0
2 0.256227     0.100092  0 0
3 0.0555329  0.100116 0 0
4 0.29382     0.0998785  0 0
5 0.224212     0.0999111 0 0
6 0.246829     0.099913  0 0
7  0.217716     0.1  0 0
8  0.162387     0.0998814 0 0
9 0.0468068     0.0997813 0 0
10 -0.104915     0.0999983 0 0
11 -0.233465     0.0999627 0 0
12  -0.101278     0.0999469 0 0
13 0.0349409     0.100024l 0 0
14 0.634119     0.0999735  0 0
15 0.0495563     0.104625 0 0
16 0.196624     0.0999378 0 0
17  0.106382     0.0999364 0 0
18 0.0 0.1 0 0
