sid	ch	det	crystal	a0	a1	a2
0	0	0	0	0.208782	0.100067	2.75531e-09
0	1	1	0	0.0	1.0	0.0
0	2	2	0	0.182237	0.0996487	7.61417e-10
0	3	3	0	0.0	1.0	0.0
0	4	4	0	0.0	0.0	0.0
0	5	5	0	0.0	1.0	0.0
0	6	6	0	-0.134567	0.0998653	-1.06091e-08
0	7	7	0	0.0	1.0	0.0
0	8	8	0	-0.106231	0.100417	-1.80904e-08
0	9	9	0	0.0	1.0	0.0
0	10	10	0	0.128861	0.0998957	-8.73458e-09
0	11	11	0	0.0	1.0	0.0
0	12	12	0	0.232208	0.100433	-5.69393e-09
0	13	13	0	0.0	1.0	0.0
0	14	14	0	0.235109	0.099662	-6.5571e-09
0	15	15	0	0.0	1.0	0.0
1	0	16	0	0.0779204	0.0996539	1.37911e-09
1	1	17	0	0.0	1.0	0.0
1	2	18	0	-0.0136811	0.0998558	-1.46318e-08
1	3	19	0	0.0	1.0	0.0
1	4	20	0	1.10318	0.0989641	8.70488e-08
1	5	21	0	0.0	1.0	0.0
1	6	22	0	-0.0514524	0.0999758	7.58917e-09
1	7	23	0	0.0	1.0	0.0
1	8	24	0	0.122563	0.100045	2.56209e-09
1	9	25	0	0.0	1.0	0.0
1	10	26	0	0.224283	0.100234	-1.20199e-08
1	11	27	0	0.0	1.0	0.0
1	12	28	0	-1.0207	0.10501	-3.10685e-08
1	13	29	0	0.0	1.0	0.0
1	14	30	0	-0.288594	0.0997405	2.1318e-08
1	15	31	0	0.0	1.0	0.0
2	0	32	0	0.125625	0.100065	-6.46742e-09
2	1	33	0	0.0	1.0	0.0
