sid	ch	det	crystal	a0	a1	a2
0	0	0	0	0.102383	0.100459	-7.80267e-10
0	1	1	0	0.0	1.0	0.0
0	2	2	0	0.27643	0.100142	-2.70189e-11
0	3	3	0	0.0	1.0	0.0
0	4	4	0	0.0	0.0	0.0
0	5	5	0	0.0	1.0	0.0
0	6	6	0	-0.339721	0.100092	-2.14704e-08
0	7	7	0	0.0	1.0	0.0
0	8	8	0	-0.226135	0.100177	-1.92267e-08
0	9	9	0	0.0	1.0	0.0
0	10	10	0	0.0626867	0.100142	-9.73254e-09
0	11	11	0	0.0	1.0	0.0
0	12	12	0	0.250098	0.10005	-3.49555e-09
0	13	13	0	0.0	1.0	0.0
0	14	14	0	-0.0294017	0.0998844	-1.49376e-08
0	15	15	0	0.0	1.0	0.0
1	0	16	0	0.0126119	0.099397	3.40104e-09
1	1	17	0	0.0	1.0	0.0
1	2	18	0	-0.0702286	0.100138	-1.26408e-08
1	3	19	0	0.0	1.0	0.0
1	4	20	0	0.0778466	0.0994517	4.65714e-08
1	5	21	0	0.0	1.0	0.0
1	6	22	0	-0.055527	0.0999636	1.07205e-08
1	7	23	0	0.0	1.0	0.0
1	8	24	0	0.211635	0.100015	2.96297e-09
1	9	25	0	0.0	1.0	0.0
1	10	26	0	0.558406	0.100091	-7.64617e-09
1	11	27	0	0.0	1.0	0.0
1	12	28	0	-1.44327	0.105131	-3.19282e-08
1	13	29	0	0.0	1.0	0.0
1	14	30	0	-0.118384	0.0996341	1.66927e-08
1	15	31	0	0.0	1.0	0.0
2	0	32	0	0.220448	0.100048	-7.11533e-09
2	1	33	0	0.0	1.0	0.0
